1111111111111111111111111
1100100110100010000000001
1000000000001010100001001
1100000010000000000001001
1010000000000000001001101
1000000100010000100011001
1000100000000100001000001
1100100100010000000010001
1000010010011000000000101
1000000001001001001000001
1000100110010100000000001
1000000100001100000010001
1000010010001000010101001
1000010001100000001000011
1000000000000000011110001
1110000100001010000000001
1000010000000000100000011
1100000110000000001000001
1000000000011100000010001
1111111111111111111111111
